09 009 AAA
07 007 NNN
15 015 Sad
03 003 Effs
11 011 Fvf
01 001 JKu
05 005 KODL
13 013 Cool
00 000 00K
10 010 9JKJ
08 008 E37834
06 006 FJK 
16 016 RFsk 
04 004 EWdf
12 012 Ssd
02 002 IOo 
14 014 OOk
28 028 2888
38 038 38888
48 048 488888
58 058 5888888
68 068 68888
78 078 7888
88 088 888888
98 098 988888
108 108 10888888888
118 118 118888
128 128 128888
138 138 138888
148 148 148888
158 158 158888
168 168 1688888
178 178 1788888
188 188 1888888
198 198 198888
208 208 208888888
218 218 218888
228 228 22888
238 238 23888
248 248 2488
258 258 25888
268 268 268888
278 278 27888


